N, inercja, poznawcza, spoleczna, T, mean, std, min, max
(20, 0.3, 0.5, 1.0, 100), 0.000e+00, 0.000e+00, 0.000e+00, 0.000e+00
(20, 0.3, 0.5, 1.0, 400), 0.000e+00, 0.000e+00, 0.000e+00, 0.000e+00
(20, 0.3, 0.5, 1.0, 800), 0.000e+00, 0.000e+00, 0.000e+00, 0.000e+00
(20, 0.3, 1.0, 1.0, 100), 0.000e+00, 0.000e+00, 0.000e+00, 0.000e+00
(20, 0.3, 1.0, 1.0, 400), 0.000e+00, 0.000e+00, 0.000e+00, 0.000e+00
(20, 0.3, 1.0, 1.0, 800), 0.000e+00, 0.000e+00, 0.000e+00, 0.000e+00
(20, 0.3, 1.5, 1.0, 100), 0.000e+00, 0.000e+00, 0.000e+00, 0.000e+00
(20, 0.3, 1.5, 1.0, 400), 0.000e+00, 0.000e+00, 0.000e+00, 0.000e+00
(20, 0.3, 1.5, 1.0, 800), 0.000e+00, 0.000e+00, 0.000e+00, 0.000e+00
(20, 0.6, 0.5, 1.0, 100), 1.901e-21, 3.492e-21, 3.450e-23, 8.881e-21
(20, 0.6, 0.5, 1.0, 400), 0.000e+00, 0.000e+00, 0.000e+00, 0.000e+00
(20, 0.6, 0.5, 1.0, 800), 0.000e+00, 0.000e+00, 0.000e+00, 0.000e+00
(20, 0.6, 1.0, 1.0, 100), 2.974e-21, 3.210e-21, 1.143e-22, 8.937e-21
(20, 0.6, 1.0, 1.0, 400), 0.000e+00, 0.000e+00, 0.000e+00, 0.000e+00
(20, 0.6, 1.0, 1.0, 800), 0.000e+00, 0.000e+00, 0.000e+00, 0.000e+00
(20, 0.6, 1.5, 1.0, 100), 5.437e-19, 7.648e-19, 7.873e-21, 2.020e-18
(20, 0.6, 1.5, 1.0, 400), 0.000e+00, 0.000e+00, 0.000e+00, 0.000e+00
(20, 0.6, 1.5, 1.0, 800), 0.000e+00, 0.000e+00, 0.000e+00, 0.000e+00
(20, 0.9, 0.5, 1.0, 100), 2.871e-05, 4.993e-05, 7.046e-08, 1.281e-04
(20, 0.9, 0.5, 1.0, 400), 1.440e-14, 2.001e-14, 2.000e-17, 5.122e-14
(20, 0.9, 0.5, 1.0, 800), 6.635e-26, 1.269e-25, 5.364e-29, 3.201e-25
(20, 0.9, 1.0, 1.0, 100), 9.467e-06, 1.200e-05, 1.320e-07, 3.287e-05
(20, 0.9, 1.0, 1.0, 400), 4.300e-14, 6.727e-14, 1.219e-15, 1.769e-13
(20, 0.9, 1.0, 1.0, 800), 6.076e-21, 7.423e-21, 6.941e-26, 1.525e-20
(20, 0.9, 1.5, 1.0, 100), 5.422e-05, 5.323e-05, 8.424e-06, 1.393e-04
(20, 0.9, 1.5, 1.0, 400), 4.433e-08, 6.414e-08, 1.944e-09, 1.705e-07
(20, 0.9, 1.5, 1.0, 800), 1.406e-15, 1.752e-15, 4.605e-19, 4.685e-15
(70, 0.3, 0.5, 1.0, 100), 0.000e+00, 0.000e+00, 0.000e+00, 0.000e+00
(70, 0.3, 0.5, 1.0, 400), 0.000e+00, 0.000e+00, 0.000e+00, 0.000e+00
(70, 0.3, 0.5, 1.0, 800), 0.000e+00, 0.000e+00, 0.000e+00, 0.000e+00
(70, 0.3, 1.0, 1.0, 100), 0.000e+00, 0.000e+00, 0.000e+00, 0.000e+00
(70, 0.3, 1.0, 1.0, 400), 0.000e+00, 0.000e+00, 0.000e+00, 0.000e+00
(70, 0.3, 1.0, 1.0, 800), 0.000e+00, 0.000e+00, 0.000e+00, 0.000e+00
(70, 0.3, 1.5, 1.0, 100), 0.000e+00, 0.000e+00, 0.000e+00, 0.000e+00
(70, 0.3, 1.5, 1.0, 400), 0.000e+00, 0.000e+00, 0.000e+00, 0.000e+00
(70, 0.3, 1.5, 1.0, 800), 0.000e+00, 0.000e+00, 0.000e+00, 0.000e+00
(70, 0.6, 0.5, 1.0, 100), 7.311e-23, 1.064e-22, 4.924e-24, 2.839e-22
(70, 0.6, 0.5, 1.0, 400), 0.000e+00, 0.000e+00, 0.000e+00, 0.000e+00
(70, 0.6, 0.5, 1.0, 800), 0.000e+00, 0.000e+00, 0.000e+00, 0.000e+00
(70, 0.6, 1.0, 1.0, 100), 3.086e-24, 1.855e-24, 1.109e-24, 5.369e-24
(70, 0.6, 1.0, 1.0, 400), 0.000e+00, 0.000e+00, 0.000e+00, 0.000e+00
(70, 0.6, 1.0, 1.0, 800), 0.000e+00, 0.000e+00, 0.000e+00, 0.000e+00
(70, 0.6, 1.5, 1.0, 100), 1.579e-21, 2.062e-21, 6.315e-23, 5.627e-21
(70, 0.6, 1.5, 1.0, 400), 0.000e+00, 0.000e+00, 0.000e+00, 0.000e+00
(70, 0.6, 1.5, 1.0, 800), 0.000e+00, 0.000e+00, 0.000e+00, 0.000e+00
(70, 0.9, 0.5, 1.0, 100), 1.781e-06, 1.759e-06, 2.022e-07, 3.947e-06
(70, 0.9, 0.5, 1.0, 400), 2.018e-17, 2.852e-17, 7.099e-19, 7.647e-17
(70, 0.9, 0.5, 1.0, 800), 6.977e-28, 8.866e-28, 7.889e-30, 2.237e-27
(70, 0.9, 1.0, 1.0, 100), 1.304e-06, 1.413e-06, 2.131e-08, 3.556e-06
(70, 0.9, 1.0, 1.0, 400), 9.274e-15, 1.843e-14, 1.607e-19, 4.613e-14
(70, 0.9, 1.0, 1.0, 800), 3.100e-25, 5.286e-25, 2.682e-29, 1.358e-24
(70, 0.9, 1.5, 1.0, 100), 3.949e-06, 5.290e-06, 2.114e-07, 1.445e-05
(70, 0.9, 1.5, 1.0, 400), 8.459e-11, 1.676e-10, 4.829e-15, 4.198e-10
(70, 0.9, 1.5, 1.0, 800), 2.298e-17, 4.051e-17, 5.957e-20, 1.037e-16
(200, 0.3, 0.5, 1.0, 100), 0.000e+00, 0.000e+00, 0.000e+00, 0.000e+00
(200, 0.3, 0.5, 1.0, 400), 0.000e+00, 0.000e+00, 0.000e+00, 0.000e+00
(200, 0.3, 0.5, 1.0, 800), 0.000e+00, 0.000e+00, 0.000e+00, 0.000e+00
(200, 0.3, 1.0, 1.0, 100), 0.000e+00, 0.000e+00, 0.000e+00, 0.000e+00
(200, 0.3, 1.0, 1.0, 400), 0.000e+00, 0.000e+00, 0.000e+00, 0.000e+00
(200, 0.3, 1.0, 1.0, 800), 0.000e+00, 0.000e+00, 0.000e+00, 0.000e+00
(200, 0.3, 1.5, 1.0, 100), 0.000e+00, 0.000e+00, 0.000e+00, 0.000e+00
(200, 0.3, 1.5, 1.0, 400), 0.000e+00, 0.000e+00, 0.000e+00, 0.000e+00
(200, 0.3, 1.5, 1.0, 800), 0.000e+00, 0.000e+00, 0.000e+00, 0.000e+00
(200, 0.6, 0.5, 1.0, 100), 1.243e-24, 1.208e-24, 7.408e-26, 3.320e-24
(200, 0.6, 0.5, 1.0, 400), 0.000e+00, 0.000e+00, 0.000e+00, 0.000e+00
(200, 0.6, 0.5, 1.0, 800), 0.000e+00, 0.000e+00, 0.000e+00, 0.000e+00
(200, 0.6, 1.0, 1.0, 100), 1.847e-24, 2.286e-24, 4.206e-25, 6.407e-24
(200, 0.6, 1.0, 1.0, 400), 0.000e+00, 0.000e+00, 0.000e+00, 0.000e+00
(200, 0.6, 1.0, 1.0, 800), 0.000e+00, 0.000e+00, 0.000e+00, 0.000e+00
(200, 0.6, 1.5, 1.0, 100), 7.788e-23, 8.867e-23, 9.392e-25, 2.234e-22
(200, 0.6, 1.5, 1.0, 400), 0.000e+00, 0.000e+00, 0.000e+00, 0.000e+00
(200, 0.6, 1.5, 1.0, 800), 0.000e+00, 0.000e+00, 0.000e+00, 0.000e+00
(200, 0.9, 0.5, 1.0, 100), 1.679e-07, 1.411e-07, 5.642e-08, 4.389e-07
(200, 0.9, 0.5, 1.0, 400), 2.800e-18, 1.963e-18, 6.659e-19, 5.527e-18
(200, 0.9, 0.5, 1.0, 800), 2.051e-30, 4.102e-30, 0.000e+00, 1.026e-29
(200, 0.9, 1.0, 1.0, 100), 7.570e-08, 1.025e-07, 9.846e-09, 2.790e-07
(200, 0.9, 1.0, 1.0, 400), 1.783e-16, 1.528e-16, 3.275e-17, 4.326e-16
(200, 0.9, 1.0, 1.0, 800), 5.291e-26, 9.849e-26, 2.524e-29, 2.498e-25
(200, 0.9, 1.5, 1.0, 100), 1.665e-07, 1.664e-07, 2.318e-08, 4.906e-07
(200, 0.9, 1.5, 1.0, 400), 5.448e-14, 4.198e-14, 2.118e-18, 9.649e-14
(200, 0.9, 1.5, 1.0, 800), 1.316e-20, 1.453e-20, 2.346e-22, 3.709e-20
